EBELN
0010060791
0010060792
0010060793
0010060850
0010060851
0010060852
0040713512
0040713513
0060701284
0010060666
0010060379
0010060425
0010060427
0010060496
0010060497
0010060659
0010060645
0010060761
0010060581
0010060806
0010059955
0010060658
0010060022
0010060031
0010060304
0010060262
0010060660
0010060494
0010060258
0010060517
0010059950
0010060121
0010060733
0010060433
0010059921
0010060588
0010060518
0010060070
0010060076
0010060283
0010060347
0010060681
0010060503
0010060730
0010060614
0010060089
0010059926
0010060077
0010059970
0010060364
0010060391
0010059929
0010060632
0010060030
0010060572
0010060607
0010060460
0010059953
0010060891
0010060511
0010060861
0010060847
0010060029
0010060078
0010060020
0010059913
0010060008
0010060117
0010060320
0010059933
0010060636
0010060831
0010060484
0010060942
0010059928
0010060042
0010060760
0010060158
0010059939
0010060270
0010060169
0010060212
0010060734
0010059919
0010060028
0010059986
0010059938
0010059941
0010060112
0010059922
0010059943
0010060381
0010059920
0010059934
0010059965
0010059908
0010060057
0010060066
0010060067
0010060068
0010060055
0010060091
0010059954
0010059957
0010060231
0010060561
0010060860
0010060355
0010060359
0010060466
0010060467
0010060468
0010060469
0010060633
0010060744
0010060886
0010060033
0010059982
0010059940
0010060131
0010060133
0010060225
0010060032
0010059911
0010059910
0010060051
0010060056
0010059964
0010059959
0010059961
0010059968
0010059912
0010059979
0010060038
0010059967
0010059907
0010059909
0010060118
0010060119
0010060024
0010060054
0010060092
0010059914
0010059915
0010059916
0010059958
0010059945
0010059936
0010059937
0010059966
0010060026
0010059944
0010060036
0010060088
0010060090
0010059935
0010060037
0010059918
0010060053
0010060857
0010060081
0010060082
0010060083
0010059917
0010060589
0010059983
0010059949
0010059952
0010059956
0010060021
0010060023
0010060303
0010060465
0010059923
0010060177
0010059962
0010059963
0010059984
0010059972
0010059974
0010059976
0010059977
0010059978
0010060025
0010060124
0010060125
0010060128
0010060039
0010060040
0010059980
0010059985
0010060018
0010060114
0010060876
0010060100
0010060101
0010060514
0010060087
0010060551
0010060071
0010060075
0010060086
0010060178
0010060444
0010060856
0010060102
0010060241
0010060156
0010060176
0010060238
0010060027
0010060079
0010060209
0010060098
0010060179
0010060501
0010060149
0010060084
0010060085
0010060180
0010060120
0010060123
0010060153
0010060154
0010060155
0010060097
0010060159
0010060173
0010060859
0010060049
0010060132
0010060192
0010060113
0010060150
0010060151
0010060104
0010060167
0010060181
0010060190
0010060191
0010060227
0010060274
0010060346
0010060080
0010060115
0010060160
0010060166
0010060093
0010060094
0010060095
0010060170
0010060610
0010060161
0010060165
0010060434
0010060435
0010060443
0010060498
0010060499
0010060110
0010060111
0010060371
0010060372
0010060099
0010060103
0010060105
0010060106
0010060107
0010060108
0010060109
0010060368
0010060369
0010060370
0010060122
0010060205
0010060126
0010060152
0010060163
0010060396
0010060206
0010060182
0010060252
0010060148
0010060130
0010060138
0010060129
0010060157
0010060196
0010060198
0010060200
0010060207
0010060229
0010060378
0010060208
0010060139
0010060140
0010060242
0010060272
0010060358
0010060215
0010060230
0010060214
0010060256
0010060193
0010060194
0010060195
0010060197
0010060199
0010060201
0010060243
0010060606
0010060383
0010060400
0010060404
0010060410
0010060413
0010060418
0010060210
0010060604
0010060931
0010060187
0010060188
0010060189
0010060392
0010060399
0010060402
0010060403
0010060406
0010060407
0010060408
0010060412
0010060417
0010060419
0010060470
0010060213
0010060351
0010060284
0010060222
0010060223
0010060224
0010060263
0010060474
0010060232
0010060259
0010060440
0010060441
0010060442
0010060452
0010060233
0010060447
0010060269
0010060309
0010060629
0010060689
0010060246
0010060249
0010060265
0010060331
0010060342
0010060350
0010060266
0010060257
0010060550
0010060240
0010060271
0010060349
0010060273
0010060282
0010060343
0010060458
0010060459
0010060510
0010060844
0010060330
0010060593
0010060261
0010060454
0010060626
0010060329
0010060268
0010060314
0010060332
0010060380
0010060382
0010060512
0010060516
0010060552
0010060590
0010060611
0010060275
0010060276
0010060277
0010060278
0010060293
0010060294
0010060296
0010060279
0010060287
0010060295
0010060297
0010060338
0010060339
0010060885
0010060676
0010060678
0010060288
0010060290
0010060291
0010060292
0010060340
0010060603
0010060289
0010060298
0010060853
0010060854
0010060307
0010060305
0010060431
0010060548
0010060397
0010060299
0010060348
0010060335
0010060336
0010060337
0010060562
0010060623
0010060318
0010060319
0010060321
0010060322
0010060560
0010060306
0010060398
0010060451
0010060315
0010060328
0010060429
0010060344
0010060430
0010060578
0010060595
0010060366
0010060542
0010060594
0010060453
0010060816
0010060820
0010060828
0010060843
0010060341
0010060345
0010060353
0010060354
0010060377
0010060401
0010060762
0010060365
0010060367
0010060446
0010060464
0010060912
0010060502
0010060504
0010060612
0010060352
0010060360
0010060363
0010060432
0010060616
0010060436
0010060437
0010060438
0010060439
0010060471
0010060905
0010060571
0010060813
0010060515
0010060509
0010060817
0010060827
0010060569
0010060591
0010060547
0010060461
0010060543
0010060882
0010060573
0010060500
0010060541
0010060544
0010060545
0010060549
0010060566
0010060935
0010060495
0010060764
0010060556
0010060587
0010060555
0010060563
0010060567
0010060643
0010060577
0010060599
0010060565
0010060570
0010060726
0010060600
0010060742
0010060546
0010060576
0010060592
0010060706
0010060789
0010060888
0010060574
0010060575
0010060584
0010060585
0010060672
0010060586
0010060582
0010060583
0010060557
0010060624
0010060628
0010060637
0010060638
0010060639
0010060640
0010060641
0010060642
0010060656
0010060657
0010060668
0010060671
0010060714
0010060716
0010060717
0010060718
0010060719
0010060720
0010060721
0010060722
0010060724
0010060728
0010060770
0010060773
0010060776
0010060777
0010060783
0010060785
0010060790
0010060797
0010060798
0010060801
0010060802
0010060803
0010060804
0010060805
0010060821
0010060826
0010060579
0010060558
0010060559
0010060618
0010060654
0010060834
0010060620
0010060627
0010060648
0010060663
0010060664
0010060670
0010060605
0010060609
0010060615
0010060622
0010060667
0010060634
0010060635
0010060814
0010060644
0010060650
0010060881
0010060677
0010060815
0010060705
0010060669
0010060673
0010060665
0010060691
0010060708
0010060723
0010060725
0010060727
0010060763
0010060933
0010060794
0010060697
0010060646
0010060653
0010060675
0010060739
0010060740
0010060864
0010060887
0010060651
0010060652
0010060679
0010060680
0010060682
0010060683
0010060684
0010060685
0010060686
0010060687
0010060688
0010060690
0010060692
0010060693
0010060694
0010060695
0010060696
0010060698
0010060699
0010060701
0010060702
0010060703
0010060704
0010060707
0010060709
0010060710
0010060711
0010060712
0010060655
0010060661
0010060799
0010060939
0010060796
0010060849
0010060875
0010060750
0010060934
0010060751
0010060731
0010060808
0010060749
0010060732
0010060745
0010060746
0010060747
0010060748
0010060823
0010060869
0010060874
0010060836
0010060741
0010060809
0010060825
0010060824
0010060917
0010060832
0010060833
0010060835
0010060915
0010060946
0010060845
0010060865
0010060830
0010060870
0010060871
0010060873
0010060884
0010060829
0010060906
0010060811
0010060812
0010060807
0010060890
0010060822
0010060837
0010060838
0010060839
0010060840
0010060877
0010060855
0010060929
0010060858
0010060901
0010060903
0010060848
0010060925
0010060926
0010060872
0010060892
0010060894
0010060862
0010060863
0010060927
0010060846
0010060936
0010060937
0010060938
0010060928
0010060866
0010060867
0010060868
0010060923
0010060930
0010060944
0010060922
0010060883
0010060889
0010060932
0010060893
0010060947
0010060921
0010060945
0010060924
0010060941
0010060943
0010060940
0020707330
0020707331
0020707333
0020707334
0020707332
0020707335
0020707336
0020707338
0020707339
0020707340
0020707341
0020707342
0020707343
0020707345
0020707346
0020707347
0020707363
0020707388
0020707348
0020707349
0020707366
0020707367
0020707368
0020707369
0020707370
0020707371
0020707372
0020707373
0020707374
0020707375
0020707376
0020707377
0020707378
0020707379
0020707382
0020707354
0020707355
0020707356
0020707357
0020707358
0020707359
0020707360
0020707361
0020707364
0020707362
0020707365
0020707383
0020707380
0020707381
0020707384
0020707391
0020707392
0020707394
0020707395
0020707385
0020707386
0020707387
0020707393
0020707389
0020707390
0020707396
0020707397
0020707398
0020707399
0020707400
0020707410
0020707412
0040713631
0040713434
0040713500
0040713421
0040713419
0040713420
0040713424
0040713425
0040713426
0040713427
0040713411
0040713413
0040713406
0040713409
0040713463
0040713415
0040713459
0040713460
0040713417
0040713418
0040713416
0040713462
0040713432
0040713433
0040713428
0040713429
0040713449
0040713450
0040713466
0040713448
0040713465
0040713461
0040713464
0040713490
0040713491
0040713492
0040713493
0040713494
0040713495
0040713496
0040713497
0040713498
0040713499
0040713628
0040713637
0040713638
0040713639
0040713640
0040713641
0040713474
0040713475
0040713483
0040713636
0040713627
0040713488
0040713487
0040713633
0040713510
0040713511
0040713504
0040713505
0040713506
0040713634
0040713635
0040713538
0040713537
0040713539
0040713544
0040713547
0040713546
0040713536
0040713540
0040713516
0040713514
0040713597
0060701263
0060701264
0060701265
0060701266
0060701267
0060701268
0060701271
0060701272
0060701273
0060701274
0060701275
0060701276
0060701277
0060701278
0060701279
0060701280
0060701281
0060701282
0060701283
