LIFNR
0000026066
0000027276
0000010959
0000026923
0000011271
0000019150
0000011221
0000023596
0000020459
0000025659
0000026936
0000024761
0000017180
0000018343
0000024574
0000010658
0000016755
0000010692
0000019486
0000010239
0000017460
0000025742
0000018735
0000026174
0000023228
0000027020
0000023721
0000023517
0000011290
0000020518
0000011228
0000017887
0000026854
0000019916
0000019457
0000019496
0000021985
0000022843
0000018886
0000027127
0000010124
0000019959
0000011591
0000011279
0000016877
0000010339
0000010788
0000017509
0000011475
0000025147
0000085153
0000017833
0000012101
0000016308
0000024339
0000023137
0000026396
0000027087
0000017703
0000010735
0000026679
0000020208
0000022196
0000024126
0000016893
0000011113
0000011052
0000010480
0000023671
0000017102
0000018111
0000017777
0000016630
0000026311
0000025049
0000018507
0000017817
0000015376
0000016287
0000010298
0000027473
0000025704
0000017427
0000010733
0000024677
0000018104
0000010085
0000023475
0000010117
0000025093
0000022866
0000024599
0000022230
0000010324
0000013307
0000025830
0000026241
0000019330
0000023923
0000018489
0000023895
0000018867
0000024241
0000016799
0000013519
0000026020
0000010315
0000014297
0000026814
0000017842
0000018738
0000026175
0000023367
0000018666
0000023234
0000019960
0000014662
0000025923
0000011744
0000026704
0000018924
0000026197
0000025050
0000027499
0000016897
0000016165
0000014221
0000010981
0000022489
0000027504
0000020264
0000016869
0000025063
0000023608
0000022535
0000021147
0000024124
0000024584
0000010925
0000010123
0000015604
0000021136
0000019054
0000024877
0000025689
0000018621
0000022844
0000023501
0000019053
0000026459
0000018913
0000012040
0000019290
0000025458
0000017324
0000018342
0000015318
0000010371
0000027505
0000011257
0000011000
0000011122
0000016156
0000026257
0000019142
0000021743
0000017908
0000027190
0000026511
0000017369
0000019135
0000011640
0000026500
0000010453
0000015873
0000018669
0000026516
0000016373
0000010751
0000026605
0000016573
0000010223
0000012512
0000024684
0000025671
0000024878
0000024000
0000015173
0000026394
0000026667
0000019308
0000026510
0000016647
0000019616
0000026023
0000015731
0000027518
0000016889
0000019536
0000025376
0000026889
0000025864
0000013664
0000025404
0000017401
0000027043
0000015165
0000018314
0000025853
0000026266
0000026781
0000025862
0000016055
0000025112
0000025071
0000027085
0000010731
0000020039
0000013674
0000010487
0000025509
0000018439
0000024265
0000020907
0000018307
0000016674
0000023246
0000020989
0000017704
0000026613
0000027500
0000027341
0000023223
0000015099
0000017268
0000021046
0000018183
0000022743
0000024098
0000021877
0000014774
0000020084
0000011812
0000010933
0000019750
0000010381
0000014433
0000006426
0000014685
0000024576
0000019712
0000017186
0000012738
0000026759
0000013590
0000013568
0000019361
0000023615
0000023484
0000027524
0000025072
0000027530
0000014620
0000016969
0000011106
0000013564
0000025032
0000022698
0000018518
0000022017
0000023457
0000018409
0000017997
0000014971
0000022269
0000014425
0000026621
0000026488
0000015295
0000021973
0000027538
0000022234
0000014603
0000017900
0000025212
0000015774
0000019639
0000022744
0000026154
0000027539
0000017452
0000018933
0000027198
0000024532
0000016217
0000014289
0000014255
0000027359
0000017740
0000018687
0000020096
0000018952
0000027439
0000015866
0000017876
0000027070
0000024802
0000027333
0000024375
0000023626
0000025457
0000019655
0000014417
0000012054
0000025646
0000023770
0000019011
0000019502
0000018145
0000016152
0000016829
0000026514
0000023821
0000013351
0000019913
0000014471
0000012545
0000024059
0000027196
0000023785
0000017204
0000015772
0000013704
0000024502
0000012576
0000023702
0000025496
0000018272
0000026101
0000018086
0000016990
0000014319
0000011098
0000023849
0000013990
0000022935
0000022545
0000023170
0000024108
0000011523
0000026178
0000020583
0000010465
0000027555
0000019090
0000025139
0000011759
0000010971
0000023591
0000015760
0000025083
0000023388
0000013702
0000016881
0000019945
0000022444
0000023440
0000016583
0000026517
0000025428
0000026498
0000023109
0000024217
0000023727
0000025510
0000026106
0000023651
0000025323
0000027086
0000019943
0000022993
0000023094
0000024149
0000024952
0000025647
0000025768
0000026205
0000026693
0000019428
0000026247
0000025930
0000025429
0000018485
0000025558
0000022689
0000027490
0000070115
0000070550
0000025064
0000023701
0000027122
0000020954
0000023865
0000021050
0000025612
0000023172
0000023945
0000024748
0000071313
0000024392
0000025211
0000026046
0000019354
0000027243
0000024127
0000010348
0000024627
0000026904
0000026155
0000024804
0000071318
0000023030
0000027296
0000025499
0000023693
0000026246
0000025573
0000091813
