EBELN
0010060948
0010060949
0010060950
0010060951
0010060952
0010060953
0010060954
0010060955
0010060956
0010060957
0010060958
0010060959
0010060960
0010060961
0010060962
0010060963
0010060964
0010060965
0010060966
0010060967
0010060968
0010060969
0010060970
0010060971
0010060972
0010060973
0010060974
0010060975
0010060976
0010060977
0010060978
0010060979
0010060980
0010060981
0010060982
0010060983
0010060984
0010060985
0010060986
0010060987
0010060988
0010060989
0010060990
0010060991
0010060992
0010060993
0010060994
0010060995
0010060996
0010060997
0010060998
0010060999
0010061000
0010061001
0010061002
0010061003
0010061004
0010061005
0010061006
0010061007
0010061008
0010061009
0010061010
0010061011
0010061012
0010061013
0010061014
0010061015
0010061016
0010061017
0010061018
0010061019
0010061020
0010061021
0010061022
0010061023
0010061024
0010061025
0010061026
0010061027
0010061028
0010061029
0010061030
0010061031
0010061032
0010061033
0010061034
0010061035
0010061036
0010061037
0010061038
0010061039
0010061040
0010061041
0010061042
0010061043
0010061044
0010061045
0010061046
0010061047
0010061048
0010061049
0010061050
0010061051
0010061052
0010061053
0010061054
0010061055
0010061056
0010061057
0010061058
0010061059
0010061060
0010061061
0010061062
0010061063
0010061064
0010061065
0010061066
0010061067
0010061068
0010061069
0010061070
0010061071
0010061072
0010061073
0010061074
0010061075
0010061076
0010061077
0010061078
0010061079
0010061080
0010061081
0010061082
0010061083
0010061084
0010061085
0010061086
0010061087
0010061088
0010061089
0010061090
0010061091
0010061092
0010061093
0010061094
0010061095
0010061096
0010061097
0010061098
0010061099
0010061100
0010061101
0010061102
0010061103
0010061104
0010061105
0010061106
0010061107
0010061108
0010061109
0010061110
0010061111
0010061112
0010061113
0010061114
0010061115
0010061116
0010061117
0010061118
0010061119
0010061120
0010061121
0010061122
0010061123
0010061124
0010061125
0010061126
0010061127
0010061128
0010061129
0010061130
0010061131
0010061132
0010061133
0010061134
0010061135
0010061136
0010061137
0010061138
0010061139
0010061140
0010061141
0010061142
0010061143
0010061144
0010061145
0010061146
0010061147
0010061148
0010061149
0010061150
0010061151
0010061152
0010061153
0010061154
0010061155
0010061156
0010061157
0010061158
0010061159
0010061160
0010061161
0010061162
0010061163
0010061164
0010061165
0010061166
0010061167
0010061168
0010061169
0010061170
0010061171
0010061172
0010061173
0010061174
0010061175
0010061176
0010061177
0010061178
0010061179
0010061180
0010061181
0010061182
0010061183
0010061184
0010061185
0010061186
0010061187
0010061188
0010061189
0010061190
0010061191
0010061192
0010061193
0010061194
0010061195
0010061196
0010061197
0010061198
0010061199
0010061200
0010061201
0010061202
0010061203
0010061204
0010061205
0010061206
0010061207
0010061208
0010061209
0010061210
0010061211
0010061212
0010061213
0010061214
0010061215
0010061216
0010061217
0010061218
0010061219
0010061220
0010061221
0010061222
0010061223
0010061224
0010061225
0010061226
0010061227
0010061228
0010061229
0010061230
0010061231
0010061232
0010061233
0010061234
0010061235
0010061236
0010061237
0010061238
0010061239
0010061240
0010061241
0010061242
0010061243
0010061244
0010061245
0010061246
0010061247
0010061248
0010061249
0010061250
0010061251
0010061252
0010061253
0010061254
0010061255
0010061256
0010061257
0010061258
0010061259
0010061260
0010061261
0010061262
0010061263
0010061264
0010061265
0010061266
0010061267
0010061268
0010061269
0010061270
0010061271
0010061272
0010061273
0010061274
0010061275
0010061276
0010061277
0010061278
0010061279
0010061280
0010061281
0010061282
0010061283
0010061284
0010061285
0010061286
0010061287
0010061288
0010061289
0010061290
0010061291
0010061292
0010061293
0010061294
0010061295
0010061296
0010061297
0010061298
0010061299
0010061300
0010061301
0010061302
0010061303
0010061304
0010061305
0010061306
0010061307
0010061308
0010061309
0010061310
0010061311
0010061312
0010061313
0010061314
0010061315
0010061316
0010061317
0010061318
0010061319
0010061320
0010061321
0010061322
0010061323
0010061324
0010061325
0010061326
0010061327
0010061328
0010061329
0010061330
0010061331
0010061332
0010061333
0010061334
0010061335
0010061336
0010061337
0010061338
0010061339
0010061340
0010061341
0010061342
0010061343
0010061344
0010061345
0010061346
0010061347
0010061348
0010061349
0010061350
0010061351
0010061352
0010061353
0010061354
0010061355
0010061356
0010061357
0010061358
0010061359
0010061360
0010061361
0010061362
0010061363
0010061364
0010061365
0010061366
0010061367
0010061368
0010061369
0010061370
0010061371
0010061372
0010061373
0010061374
0010061375
0010061376
0010061377
0010061378
0010061379
0010061380
0010061381
0010061382
0010061383
0010061384
0010061385
0010061386
0010061387
0010061388
0010061389
0010061390
0010061391
0010061392
0010061393
0010061394
0010061395
0010061396
0010061397
0010061398
0010061399
0010061400
0010061401
0010061402
0010061403
0010061404
0010061405
0010061406
0010061407
0010061408
0010061409
0010061410
0010061411
0010061412
0010061413
0010061414
0010061415
0010061416
0010061417
0010061418
0010061419
0010061420
0010061421
0010061422
0010061423
0010061424
0010061425
0010061426
0010061427
0010061428
0010061429
0010061430
0010061431
0010061432
0010061433
0010061434
0010061435
0010061436
0010061437
0010061438
0010061439
0010061440
0010061441
0010061442
0010061443
0010061444
0010061445
0010061446
0010061447
0010061448
0010061449
0010061450
0010061451
0010061452
0010061453
0010061454
0010061455
0010061456
0010061457
0010061458
0010061459
0010061460
0010061461
0010061462
0010061463
0010061464
0010061465
0010061466
0010061467
0010061468
0010061469
0010061470
0010061471
0010061472
0010061473
0010061474
0010061475
0010061476
0010061477
0010061478
0010061479
0010061480
0010061481
0010061482
0010061483
0010061484
0010061485
0010061486
0010061487
0010061488
0010061489
0010061490
0010061491
0010061492
0010061493
0010061494
0010061495
0010061496
0010061497
0010061498
0010061499
0010061500
0010061501
0010061502
0010061503
0010061504
0010061505
0010061506
0010061507
0010061508
0010061509
0010061510
0010061511
0010061512
0010061513
0010061514
0010061515
0010061516
0010061517
0010061518
0010061519
0010061520
0010061521
0010061522
0010061523
0010061524
0010061525
0010061526
0010061527
0010061528
0010061529
0010061530
0010061531
0010061532
0010061533
0010061534
0010061535
0010061536
0010061537
0010061538
0010061539
0010061540
0010061541
0010061542
0010061543
0010061544
0010061545
0010061546
0010061547
0010061548
0010061549
0010061550
0010061551
0010061552
0010061553
0010061554
0010061555
0010061556
0010061557
0010061558
0010061559
0010061560
0010061561
0010061562
0010061563
0010061564
0010061565
0010061566
0010061567
0010061568
0010061569
0010061570
0010061571
0010061572
0010061573
0010061574
0010061575
0010061576
0010061577
0010061578
0010061579
0010061580
0010061581
0010061582
0010061583
0010061584
0010061585
0010061586
0010061587
0010061588
0010061589
0010061590
0010061591
0010061592
0010061593
0010061594
0010061595
0010061596
0010061597
0010061598
0010061599
0010061600
0010061601
0010061602
0010061603
0010061604
0010061605
0010061606
0010061607
0010061608
0010061609
0010061610
0010061611
0010061612
0010061613
0010061614
0010061615
0010061616
0010061617
0010061618
0010061619
0010061620
0010061621
0010061622
0010061623
0010061624
0010061625
0010061626
0010061627
0010061628
0010061629
0010061630
0010061631
0010061632
0010061633
0010061634
0010061635
0010061636
0010061637
0010061638
0010061639
0010061640
0010061641
0010061642
0010061643
0010061644
0010061645
0010061646
0010061647
0010061648
0010061649
0010061650
0010061651
0010061652
0010061653
0010061654
0010061655
0010061656
0010061657
0010061658
0010061659
0010061660
0010061661
0010061662
0010061663
0010061664
0010061665
0010061666
0010061667
0010061668
0010061669
0010061670
0010061671
0010061672
0010061673
0010061674
0010061675
0010061676
0010061677
0010061678
0010061679
0010061680
0010061681
0010061682
0010061683
0010061684
0010061685
0010061686
0010061687
0010061688
0010061689
0010061690
0010061691
0010061692
0010061693
0010061694
0010061695
0010061696
0010061697
0010061698
0010061699
0010061700
0010061701
0010061702
0010061703
0010061704
0010061705
0010061706
0010061707
0010061708
0010061709
0010061710
0010061711
0010061712
0010061713
0010061714
0010061715
0010061716
0010061717
0010061718
0010061719
0010061720
0010061721
0010061722
0010061723
0010061724
0010061725
0010061726
0010061727
0010061728
0010061729
0010061730
0010061731
0010061732
0010061733
0010061734
0010061735
0010061736
0010061737
0010061738
0010061739
0010061740
0010061741
0010061742
0010061743
0010061744
0010061745
0010061746
0010061747
0010061748
0010061749
0010061750
0010061751
0010061752
0010061753
0010061754
0010061755
0010061756
0010061757
0010061758
0010061759
0010061760
0010061761
0010061762
0010061763
0010061764
0010061765
0010061766
0010061767
0010061768
0010061769
0010061770
0010061771
0010061772
0010061773
0010061774
0010061775
0010061776
0010061777
0010061778
0010061779
0010061780
0010061781
0010061782
0010061783
0010061784
0010061785
0010061786
0010061787
0010061788
0010061789
0010061790
0010061791
0010061792
0010061793
0010061794
0010061795
0010061796
0010061797
0010061798
0010061799
0010061800
0010061801
0010061802
0010061803
0010061804
0010061805
0010061806
0010061807
0010061808
0010061809
0010061810
0010061811
0010061812
0010061813
0010061814
0010061815
0010061816
0010061817
0010061818
0010061819
0010061820
0010061821
0010061822
0010061823
0010061824
0010061825
0010061826
0010061827
0010061828
0010061829
0010061830
0010061831
0010061832
0010061833
0010061834
0010061835
0010061836
0010061837
0010061838
0010061839
0010061840
0010061841
0010061842
0010061843
0010061844
0010061845
0010061846
0010061847
0010061848
0010061849
0010061850
0010061851
0010061852
0010061853
0010061854
0010061855
0010061856
0010061857
0010061858
0010061859
0010061860
0010061861
0010061862
0010061863
0010061864
0010061865
0010061866
0010061867
0010061868
0010061869
0010061870
0010061871
0010061872
0010061873
0010061874
0010061875
0010061876
0010061877
0010061878
0010061879
0010061880
0010061881
0040713647
0040713648
0040713649
0040713650
0040713651
0040713652
0040713653
0040713654
0040713655
0040713656
0040713657
0040713658
0040713659
0040713660
0040713661
0040713662
0040713663
0040713664
0040713665
0040713666
0040713667
0040713668
0040713669
0040713670
0040713671
0040713672
0040713673
0040713674
0040713675
0040713676
0040713677
0040713678
0040713679
0040713680
0040713681
0040713682
0040713683
0040713684
0040713685
0040713686
0040713687
0040713688
0040713689
0040713690
0040713691
0040713692
0040713693
0040713694
0040713695
0040713696
0040713697
0040713698
0040713699
0040713700
0040713701
0040713702
0040713703
0040713704
0040713705
0040713706
0040713707
0040713708
0040713709
0040713710
0040713711
0040713712
0040713713
0040713714
0040713715
0040713716
0040713717
0040713718
0040713719
0040713720
0040713721
0040713722
0040713723
0040713724
0040713725
0040713726
0040713727
0040713728
0040713729
0040713730
0040713731
0040713732
0040713733
0040713734
0040713735
0040713736
0040713737
0040713738
0040713739
0040713740
0040713741
0040713742
0040713743
0040713744
0040713745
0040713746
0040713747
0040713748
0040713749
0040713750
0040713751
0040713752
0040713753
0040713754
0040713755
0040713756
0040713757
0040713758
0040713759
0040713760
0040713761
0040713762
0040713763
0040713764
0040713765
0040713766
0040713767
0040713768
0040713769
0040713770
0040713771
0040713772
0040713773
0040713774
0040713775
0040713776
0040713777
0040713778
0040713779
0040713780
0040713781
0040713782
0040713783
0040713784
0040713785
0040713786
0040713787
0040713788
0040713789
0040713790
0040713791
0040713792
0040713793
0040713794
0040713795
0040713796
0040713797
0040713798
0040713799
0040713800
0040713801
0040713802
0040713803
0040713804
0040713805
0040713806
0040713807
0040713808
0040713809
0040713810
0040713811
0040713812
0040713813
0040713814
0040713815
0040713816
0040713817
0040713818
0040713819
0040713820
0040713821
0040713822
0040713823
0040713824
0040713825
0040713826
0040713827
0040713828
0040713829
0040713830
0040713831
0040713832
0040713833
0040713834
0040713835
0040713836
0040713837
0040713838
0040713839
0040713840
0040713841
0040713842
0040713843
0040713844
0040713845
0040713846
0040713847
0040713848
0040713849
0040713850
0040713851
0040713852
0040713853
0040713854
0040713855
0040713856
0040713857
0040713858
0040713859
0040713860
0040713861
0040713862
0040713863
0040713864
0040713865
0040713866
0040713867
0040713868
0040713869
0040713870
0040713871
0040713872
0040713873
0040713874
0040713875
0040713876
0040713877
0040713878
0040713879
0040713880
0040713881
0040713882
0040713883
0040713884
0040713885
0040713886
0040713887
0040713888
0040713889
0040713890
0040713891
0040713892
0040713893
0040713894
0040713895
0040713896
0040713897
0040713898
0040713899
0040713900
0040713901
0040713902
0040713903
0040713904
0040713905
0040713906
0040713907
0040713908
0040713909
0040713910
0040713911
0040713912
0040713913
0040713914
0040713915
0040713916
0040713917
0040713918
0040713919
0040713920
0040713921
0040713922
0040713923
0040713924
0040713925
0040713926
0040713927
0040713928
0040713929
0040713930
0040713931
0040713932
0040713933
0040713934
0040713935
0040713936
0040713937
0040713938
0040713939
0040713940
0040713941
0040713942
0040713943
0040713944
0040713945
0040713946
0040713947
0040713948
0040713949
0040713950
0040713951
0040713952
0040713953
0040713954
0040713955
0040713956
0040713957
0040713958
0040713959
0040713960
0040713961
0040713962
0040713963
0040713964
0040713965
0040713966
0040713967
0040713968
0040713969
0040713970
0040713971
0040713972
0040713973
0040713974
0040713975
0040713976
0040713977
0040713978
0040713979
0040713980
0040713981
0040713982
0040713983
0040713984
0040713985
0040713986
0040713987
0040713988
0040713989
0040713990
