KNUMV
1001583983
1001584091
1001584111
1001584142
1001584146
1001584151
1001584196
1001584197
1001584358
1001584417
1001584428
1001584429
1001584430
1001584434
1001584447
1001584450
1001584453
1001584462
1001584472
1001584536
1001584537
1001584538
1001584634
1001584635
1001584668
1001584678
1001584736
1001584737
1001584738
1001584739
1001584740
1001584741
1001584742
1001584746
1001584750
1001584751
1001584752
1001584766
1001584788
1001584790
1001584808
1001584839
1001584847
1001584859
1001584887
1001584910
1001584911
1001584916
1001584964
1001584995
1001585095
1001585121
1001585245
1001585248
1001585251
1001585261
1001585271
1001585273
1001585274
1001585277
1001585278
1001585279
1001585281
1001585282
1001585284
1001585293
1001585295
1001585304
1001585306
1001585326
1001585336
1001585337
1001585341
1001585364
1001585366
1001585379
1001585416
1001585439
1001585444
1001585459
1001585460
1001585470
1001585471
1001585472
1001585475
1001585478
1001585479
1001585497
1001585533
1001585558
1001585592
1001585681
1001585686
1001585697
1001585725
1001585767
1001585777
1001585778
1001585779
1001585780
1001585891
1001585892
1001585906
1001585907
1001585908
1001585924
1001585941
1001585956
1001585957
1001585959
1001585960
1001585963
1001585967
1001586055
1001586173
1001586239
1001586298
1001586319
1001586320
1001586321
1001586323
1001586324
1001586325
1001586327
1001586328
1001586329
1001586330
1001586342
1001586346
1001586448
1001586454
1001586455
1001586458
1001586465
1001586466
1001586469
1001586473
1001586474
1001586475
1001586478
1001586520
1001586579
1001586582
1001586606
1001586611
1001586684
1001586689
1001586701
1001586736
1001586767
1001586768
1001586776
1001586779
1001586784
1001586790
1001586791
1001586792
1001586793
1001586893
1001586894
1001586899
1001586903
1001586905
1001586906
1001586907
1001586910
1001586915
1001586920
1001586924
1001587000
1001587046
1001587047
1001587051
1001587052
1001587055
1001587063
1001587069
1001587085
1001587110
1001587116
1001587153
1001587163
1001587171
1001587178
1001587179
1001587191
1001587207
1001587211
1001587220
1001587221
1001587227
1001587230
1001587238
1001587264
1001587267
1001587300
1001587303
1001587305
1001587310
1001587311
1001587312
1001587313
1001587327
1001587340
1001587345
1001587383
1001587385
1001587386
1001587389
1001587390
1001587399
1001587405
1001587407
1001587496
1001587524
1001587535
1001587549
1001587552
1001587560
1001587566
1001587580
1001587588
1001587590
1001587591
1001587592
1001587593
1001587594
1001587595
1001587596
1001587597
1001587599
1001587600
1001587601
1001587602
1001587606
1001587608
1001587609
1001587611
1001587640
1001587649
1001587656
1001587657
1001587658
1001587678
1001587680
1001587755
1001587756
1001587757
1001587758
1001587794
1001587795
1001587796
1001587797
1001587800
1001587816
1001587817
1001587820
1001587824
1001587830
1001587836
1001587841
1001587844
1001587845
1001587846
1001587849
1001587850
1001587851
1001587869
1001587870
1001587872
1001587883
1001587912
1001587917
1001587918
1001587919
1001587922
1001587924
1001587925
1001587928
1001587930
1001587931
1001587942
1001587947
1001587949
1001587952
1001587967
1001587993
1001588031
1001588102
1001588106
1001588107
1001588156
1001588157
1001588159
1001588161
1001588163
1001588165
1001588171
1001588174
1001588217
1001588237
1001588257
1001588260
1001588261
1001588262
1001588263
1001588264
1001588265
1001588277
1001588278
1001588279
1001588288
1001588328
1001588329
1001588341
1001588470
1001588471
1001588473
1001588599
1001588602
1001588613
1001588617
1001588637
1001588658
1001588699
1001588716
1001588725
1001588732
1001588772
1001588773
1001588795
1001588806
1001588816
1001588827
1001588830
1001588843
1001588848
1001588864
1001588867
1001588877
1001588890
1001588900
1001588961
1001588984
1001589005
1001589022
1001589039
1001589055
1001589188
1001589189
1001589190
1001589191
1001589192
1001589193
1001589194
1001589195
1001589196
1001589197
1001589198
1001589199
1001589200
1001589218
1001589230
1001589301
1001589327
1001589328
1001589329
1001589332
1001589333
1001589334
1001589335
1001589379
1001589382
1001589391
1001589392
1001589393
1001589394
1001589453
1001589471
1001589490
1001589492
1001589555
1001589574
1001589648
1001589652
1001589655
1001589660
1001589756
1001589772
1001589773
1001589775
1001589782
1001589783
1001589784
1001589785
1001589791
1001589813
1001589820
1001589825
1001589830
1001589836
1001589837
1001589849
1001589850
1001590030
1001590031
1001590050
1001590064
1001590066
1001590076
1001590081
1001590083
1001590099
1001590155
1001590269
1001590270
1001590271
1001590272
1001590273
1001590274
1001590275
1001590276
1001590277
1001590278
1001590279
1001590280
1001590281
1001590282
1001590283
1001590284
1001590285
1001590286
1001590287
1001590288
1001590289
1001590296
1001590299
1001590300
1001590302
1001590303
1001590304
1001590305
1001590306
1001590307
1001590311
1001590314
1001590323
1001590329
1001590330
1001590354
1001590355
1001590357
1001590361
1001590376
1001590378
1001590402
1001590413
1001590433
1001590435
1001590444
1001590458
1001590468
1001590536
1001590540
1001590541
1001590542
1001590550
1001590584
1001590595
1001590601
1001590606
1001590607
1001590608
1001590613
1001590618
1001590624
1001590631
1001590632
1001590636
1001590639
1001590652
1001590653
1001590663
1001590743
1001590750
1001590756
1001590809
1001590810
1001590811
1001590812
1001590813
1001590814
1001590815
1001590865
1001590867
1001590873
1001590879
1001590883
1001590895
1001590907
1001590909
1001590910
1001590914
1001590922
1001590993
1001591020
1001591044
1001591056
1001591079
1001591080
1001591088
1001591094
1001591097
1001591099
1001591107
1001591148
1001591155
1001591157
1001591174
1001591177
1001591191
1001591194
1001591214
1001591224
1001591225
1001591226
1001591228
1001591239
1001591291
1001591308
1001591309
1001591310
1001591311
1001591312
1001591313
1001591314
1001591315
1001591316
1001591317
1001591318
1001591319
1001591320
1001591321
1001591322
1001591323
1001591332
1001591333
1001591335
1001591336
1001591337
1001591378
1001591385
1001591389
1001591405
1001591426
1001591450
1001591452
1001591453
1001591454
1001591459
1001591477
1001591482
1001591498
1001591503
1001591519
1001591532
1001591609
1001591623
1001591660
1001591666
1001591667
1001591668
1001591669
1001591670
1001591673
1001591674
1001591675
1001591676
1001591679
1001591681
1001591682
1001591690
1001591721
1001591722
1001591730
1001591765
1001591779
1001591944
1001591949
1001591952
1001591959
1001591979
1001591998
1001592000
1001592019
1001592036
1001592044
1001592055
1001592080
1001592081
1001592083
1001592086
1001592124
1001592128
1001592131
1001592166
1001592167
1001592168
1001592171
1001592174
1001592175
1001592181
1001592182
1001592188
1001592190
1001592191
1001592200
1001592201
1001592202
1001592203
1001592212
1001592214
1001592215
1001592216
1001592230
1001592231
1001592237
1001592248
1001592254
1001592255
1001592259
1001592261
1001592263
1001592265
1001592266
1001592267
1001592268
1001592269
1001592270
1001592275
1001592319
1001592326
1001592386
1001592392
1001592419
1001592423
1001592439
1001592445
1001592465
1001592467
1001592468
1001592479
1001592480
1001592507
1001592508
1001592510
1001592511
1001592512
1001592513
1001592514
1001592515
1001592516
1001592517
1001592519
1001592520
1001592521
1001592522
1001592523
1001592527
1001592535
1001592538
1001592540
1001592543
1001592544
1001592552
1001592554
1001592555
1001592573
1001592583
1001592593
1001592610
1001592624
1001592625
1001592626
1001592652
1001592804
1001592805
1001592807
1001592810
1001592836
1001592837
1001592847
1001592850
1001592862
1001592887
1001592893
1001592896
1001592905
1001592911
1001592939
1001592941
1001592954
1001592961
1001592963
1001592969
1001593001
1001593005
1001593006
1001593009
1001593012
1001593017
1001593019
1001593089
1001593170
1001593171
1001593172
1001593178
1001593181
1001593183
1001593184
1001593185
1001593186
1001593187
1001593188
1001593190
1001593192
1001593195
1001593196
1001593199
1001593200
1001593201
1001593207
1001593209
1001593210
1001593212
1001593213
1001593217
1001593218
1001593220
1001593221
1001593223
1001593224
1001593228
1001593230
1001593237
1001593240
1001593255
1001593256
1001593264
1001593281
1001593308
1001593313
1001593315
1001593317
1001593319
1001593341
1001593343
1001593344
1001593391
1001593396
1001593399
1001593406
1001593411
1001593425
1001593432
1001593452
1001593459
1001593469
1001593470
1001593474
1001593477
1001593480
1001593482
1001593486
1001593487
1001593496
1001593498
1001593499
1001593605
1001593622
1001593635
1001593636
1001593637
1001593638
1001593642
1001593647
1001593649
1001593652
1001593654
1001593671
1001593674
1001593681
1001593684
1001593685
1001593686
1001593687
1001593692
1001593706
1001593707
1001593718
1001593721
1001593727
1001593734
1001593735
1001593736
1001593739
1001593783
1001593793
1001593796
1001593800
1001593803
1001593806
1001593821
1001593826
1001593833
1001593834
1001593837
1001593868
1001593935
1001593971
1001593979
1001594081
1001594082
1001594127
1001594206
1001594209
1001594262
1001594280
1001594286
1001594287
1001594288
1001594344
1001594380
1001594408
1001594409
1001594410
1001594439
1001594476
1001594481
1001594494
1001594628
1001594879
1001594880
1001594881
1001594883
1001594884
1001594885
1001594886
1001594887
1001594898
1001594905
1001594917
1001594926
1001594927
1001594934
1001594950
1001594977
1001594979
1001594986
1001594989
1001594991
1001594996
1001595046
1001595054
1001595055
1001595058
1001595063
1001595064
1001595066
1001595071
1001595095
1001595101
1001595105
1001595108
1001595111
1001595113
1001595126
1001595127
1001595130
1001595153
1001595196
1001595200
1001595209
1001595211
1001595212
1001595213
1001595215
1001595216
1001595220
1001595222
1001595248
1001595258
1001595267
1001595284
1001595285
1001595286
1001595320
1001595321
1001595326
1001595327
1001595328
1001595370
1001595371
1001595374
1001595387
1001595413
1001595414
1001595478
1001595483
1001595497
1001595511
1001595530
1001595531
1001595534
1001595544
1001595545
1001595549
1001595550
1001595552
1001595557
1001595573
1001595578
1001595614
1001595622
1001595629
1001595634
1001595682
1001595697
1001595704
1001595708
1001595711
1001595738
1001595781
1001595782
1001584089
1001584121
1001584176
1001584177
1001584179
1001584180
1001584181
1001584182
1001584183
1001584184
1001584185
1001584186
1001584187
1001584188
1001584189
1001584190
1001584191
1001584192
1001584193
1001584194
1001584195
1001584280
1001584579
1001584581
1001584692
1001584693
1001584704
1001584747
1001584925
1001584926
1001585066
1001585192
1001585193
1001585200
1001585335
1001585340
1001585349
1001585491
1001585492
1001585525
1001585602
1001585615
1001586009
1001586013
1001586021
1001586050
1001586078
1001586116
1001586238
1001586322
1001586326
1001586331
1001586343
1001586345
1001586557
1001586590
1001586593
1001586706
1001586707
1001586708
1001586710
1001586813
1001586913
1001586971
1001586981
1001586988
1001587003
1001587017
1001587021
1001587023
1001587104
1001587117
1001587170
1001587174
1001587175
1001587397
1001587655
1001587659
1001587828
1001587831
1001587840
1001587853
1001587913
1001588086
1001588146
1001588149
1001588152
1001588158
1001588160
1001588164
1001588166
1001588476
1001588505
1001588538

1001589734
1001589801
1001589870
1001589875
1001589876
1001589880
1001589881
1001589882
1001589883
1001589884
1001589887
1001589888
1001589889
1001589894
1001589895
1001589897
1001590229
1001590370
1001590403
1001590430
1001590434
1001590460
1001590568
1001590732
1001590737
1001590740
1001590742
1001590744
1001590745
1001590746
1001590748
1001590752
1001590753
1001590755
1001590757
1001590758
1001590759
1001590760
1001590761
1001590764
1001590765
1001590766
1001590769
1001590770
1001590771
1001590772
1001590773
1001590774
1001590775
1001590777
1001590778
1001590779
1001590780
1001590781
1001590782
1001590783
1001590784
1001590848
1001590850
1001590851
1001590852
1001590853
1001590854
1001590858
1001590859
1001590862
1001590863
1001590864
1001590870
1001590871
1001590875
1001590880
1001590904
1001590913
1001590915
1001591007
1001591014
1001591015
1001591027
1001591028
1001591029
1001591033
1001591051
1001591054
1001591071
1001591098
1001591102
1001591104
1001591111
1001591116
1001591117
1001591119
1001591125
1001591126
1001591130
1001591173
1001591182
1001591192
1001591237
1001591390
1001591421
1001591501
1001591544
1001591785
1001591786
1001591787
1001591788
1001591791
1001591792
1001591793
1001591796
1001591797
1001591799
1001591803
1001591804
1001591805
1001591807
1001591820
1001591835
1001591840
1001591845
1001591847
1001591848
1001591849
1001591851
1001591852
1001591853
1001591854
1001591855
1001591856
1001591896
1001592061
1001592100
1001592117
1001592149
1001592153
1001592183
1001592227
1001592298
1001592307
1001592537
1001592813
1001592861
1001592875
1001592876
1001592877
1001592879
1001592881
1001592882
1001592883
1001592884
1001592885
1001592890
1001592892
1001592906
1001592910
1001592912
1001592916
1001592917
1001592918
1001592946
1001592947
1001592951
1001592953
1001592971
1001592973
1001592976
1001592979
1001592983
1001592986
1001592989
1001593023
1001593046
1001593049
1001593211
1001593225
1001593275
1001593278
1001593291
1001593295
1001593297
1001593298
1001593434
1001593438
1001593536
1001593643
1001593650
1001593662
1001593667
1001593688
1001593722
1001593723
1001593724
1001593863
1001593934
1001593985
1001594237
1001594240
1001594281
1001594282
1001594283
1001594284
1001594388
1001594448
1001594491
1001594509
1001594516
1001594517
1001594518
1001594522
1001594523
1001594524
1001594529
1001594530
1001594531
1001594532
1001594677
1001594686
1001594694
1001594697
1001594727
1001594742
1001594748
1001594772
1001594792
1001594793
1001594801
1001594803
1001594844
1001595047
1001595049
1001595060
1001595062
1001595065
1001595067
1001595125
1001595131
1001595148
1001595180
1001595194
1001595197
1001595217
1001595219
1001595223
1001595375
1001595562
1001595604
1001595648
1001595783
