LIFNR
0000025745
0000027087
0000017150
0000018658
0000026095
0000010945
0000015165
0000018409
0000027215
0000024532
0000020533
0000019394
0000020315
0000023700
0000026606
0000024221
0000023703
0000022196
0000024066
0000017887
0000026854
0000019457
0000010658
0000018735
0000018183
0000026679
0000015788
0000024576
0000010324
0000024819
0000011279
0000018886
0000019602
0000013898
0000011228
0000023702
0000024878
0000021889
0000023517
0000024124
0000025351
0000022308
0000018104
0000024761
0000010465
0000027549
0000012101
0000011257
0000022535
0000010981
0000010726
0000020459
0000017901
0000011221
0000026889
0000020039
0000013675
0000010692
0000018867
0000020394
0000027499
0000025864
0000025152
0000018086
0000018307
0000022639
0000022068
0000019913
0000027015
0000026708
0000026500
0000016287
0000015099
0000017833
0000011052
0000020556
0000010130
0000013739
0000024674
0000017703
0000023785
0000010104
0000010298
0000019290
0000016897
0000018523
0000022150
0000024502
0000014971
0000016363
0000024265
0000023577
0000023721
0000024772
0000010959
0000026257
0000010788
0000023923
0000010381
0000021147
0000019938
0000014255
0000024599
0000022230
0000011475
0000010339
0000017509
0000027190
0000011122
0000018469
0000023367
0000025671
0000025063
0000016573
0000016156
0000023895
0000027020
0000018621
0000016969
0000025862
0000022237
0000017856
0000027070
0000017876
0000017740
0000026311
0000026191
0000015427
0000011810
0000015772
0000017268
0000016889
0000013664
0000025404
0000015376
0000017401
0000017452
0000027043
0000018314
0000025853
0000024241
0000026266
0000010602
0000015844
0000011786
0000018961
0000019398
0000018666
0000010733
0000026026
0000018868
0000017591
0000025049
0000016630
0000016311
0000016755
0000016055
0000026711
0000018013
0000026066
0000017842
0000020989
0000026781
0000010735
0000011205
0000013452
0000022073
0000015760
0000026516
0000023608
0000021985
0000019308
0000027232
0000024877
0000010367
0000019054
0000021874
0000026820
0000023260
0000024414
0000022492
0000025842
0000012054
0000019330
0000017385
0000011033
0000024108
0000010117
0000022545
0000022843
0000016869
0000013757
0000023484
0000027567
0000023223
0000016028
0000010988
0000014433
0000010123
0000026851
0000023493
0000024339
0000023516
0000011039
0000010329
0000027230
0000018715
0000010677
0000010124
0000026079
0000021212
0000024984
0000020760
0000024836
0000024605
0000020802
0000026697
0000019150
0000010487
0000018439
0000017685
0000019990
0000010599
0000024920
0000018913
0000013639
0000025025
0000021136
0000011121
0000026394
0000026511
0000017438
0000013702
0000024135
0000016881
0000017223
0000019616
0000024712
0000025868
0000024126
0000023305
0000020518
0000016990
0000016288
0000070661
0000026597
0000022844
0000024598
0000014978
0000025610
0000026640
0000022793
0000022698
0000026388
0000026765
0000027359
0000016217
0000020096
0000013695
0000018952
0000027071
0000024083
0000025070
0000024906
0000023451
0000024915
0000024556
0000013590
0000025071
0000025050
0000027085
0000013674
0000027588
0000024677
0000020314
0000024760
0000018687
0000023615
0000010453
0000010004
0000017704
0000015866
0000027443
0000010751
0000025583
0000024511
0000018758
0000025032
0000026704
0000025750
0000019945
0000010322
0000016196
0000024926
0000025282
0000017072
0000023937
0000019942
0000017326
0000019536
0000027589
0000016041
0000022682
0000010363
0000020516
0000019916
0000023234
0000022338
0000010947
0000010933
0000026154
0000024127
0000026197
0000011591
0000020757
0000026204
0000023036
0000024522
0000022082
0000023030
0000017705
0000017817
0000025724
0000027518
0000026514
0000026686
0000019148
0000023459
0000021739
0000026613
0000020264
0000026601
0000024979
0000011278
0000026605
0000026936
0000010786
0000025903
0000027360
0000013351
0000025991
0000017959
0000023604
0000022836
0000027333
0000026070
0000013963
0000018507
0000018628
0000024574
0000017900
0000018111
0000025201
0000013764
0000027439
0000026488
0000020506
0000018003
0000018738
0000014089
0000015339
0000023501
0000026639
0000019849
0000025926
0000015502
0000019399
0000025809
0000018818
0000014238
0000019712
0000025053
0000024207
0000025228
0000015604
0000017908
0000012758
0000017427
0000015873
0000019011
0000017549
0000010421
0000022232
0000023674
0000014620
0000020529
0000024383
0000018301
0000011556
0000026627
0000016451
0000010970
0000025881
0000024376
0000014603
0000011010
0000091524
0000010480
0000025754
0000017434
0000019426
0000015878
0000015430
0000011113
0000018343
0000010783
0000018226
0000026251
0000018272
0000025659
0000010085
0000016877
0000027576
0000016385
0000023457
0000017997
0000015295
0000024802
0000019502
0000025112
0000013704
0000014471
0000020208
0000011640
0000014425
0000026923
0000027402
0000010407
0000014889
0000015069
0000016340
0000017183
0000018030
0000018821
0000022613
0000025668
0000026267
0000025584
0000025951
0000024748
0000025064
0000023701
0000084104
0000026816
0000023596
0000023865
0000021050
0000027294
0000024804
0000015684
0000017261
0000025056
0000027123
0000027124
0000021500
0000026456
0000025211
0000017369
0000016437
0000027018
0000027197
0000027131
0000026957
0000024540
0000023756
0000016563
0000071323
0000026813
0000023976
0000019516
0000071324
0000027392
0000025657
0000015892
0000013303
0000027578
0000020640
0000016120
0000026457
0000014868
0000022635
0000013519
0000019354
0000025106
0000023475
0000026904
0000010348
0000016583
0000025499
0000023945
0000020907
0000023172
0000025550
0000026046
0000020954
0000027122
0000015917
0000026873
0000027161
0000015963
0000023477
0000026812
0000019952
0000022222
0000022221
0000071336
0000027029
0000027107
0000026617
0000071315
0000024577
